# Created by Octave 5.2.0, Thu Oct 29 12:24:22 2020 GMT <unknown@DESKTOP-BK6C0AB>
# name: tet
# type: matrix
# rows: 500
# columns: 1
 0.064481973648071289
 0.045907020568847656
 0.048282146453857422
 0.050282955169677734
 0.049786806106567383
 0.048768997192382812
 0.048248052597045898
 0.046365022659301758
 0.048190116882324219
 0.045865058898925781
 0.046074867248535156
 0.049255847930908203
 0.049219131469726562
 0.049127101898193359
 0.049054145812988281
 0.048454999923706055
 0.049427032470703125
 0.049268007278442383
 0.049213886260986328
 0.049146890640258789
 0.041246891021728516
 0.048563957214355469
 0.052640199661254883
 0.049164056777954102
 0.049135923385620117
 0.049174070358276367
 0.049279928207397461
 0.049659013748168945
 0.049457788467407227
 0.049692153930664062
 0.049676895141601562
 0.049064874649047852
 0.048683881759643555
 0.04808497428894043
 0.050115108489990234
 0.049119949340820312
 0.048032045364379883
 0.045694828033447266
 0.040937900543212891
 0.040979146957397461
 0.040940046310424805
 0.041009902954101562
 0.040951967239379883
 0.041048049926757812
 0.039072990417480469
 0.040997028350830078
 0.040945053100585938
 0.040971040725708008
 0.040993928909301758
 0.040946006774902344
 0.04095911979675293
 0.040952920913696289
 0.040981054306030273
 0.041001081466674805
 0.041005134582519531
 0.042752981185913086
 0.039283990859985352
 0.040984869003295898
 0.040916919708251953
 0.040967941284179688
 0.040908098220825195
 0.040910005569458008
 0.040961027145385742
 0.042699098587036133
 0.039087057113647461
 0.041092872619628906
 0.036858081817626953
 0.038725137710571289
 0.039247989654541016
 0.040997982025146484
 0.042937994003295898
 0.039238929748535156
 0.040937900543212891
 0.04117584228515625
 0.045264005661010742
 0.040906906127929688
 0.041097879409790039
 0.045133113861083984
 0.045150995254516602
 0.040672063827514648
 0.04319310188293457
 0.04454493522644043
 0.045089006423950195
 0.049230098724365234
 0.040864944458007812
 0.039258003234863281
 0.040916919708251953
 0.041141986846923828
 0.051873922348022461
 0.052801132202148438
 0.045114040374755859
 0.049714803695678711
 0.049366950988769531
 0.049260139465332031
 0.048971891403198242
 0.052904844284057617
 0.046960115432739258
 0.047680854797363281
 0.043829202651977539
 0.043385982513427734
 0.043277978897094727
 0.043281793594360352
 0.043673992156982422
 0.043184995651245117
 0.04083704948425293
 0.040964126586914062
 0.040936946868896484
 0.040923833847045898
 0.040948152542114258
 0.041141986846923828
 0.040889978408813477
 0.040919065475463867
 0.036870956420898438
 0.040932893753051758
 0.040915012359619141
 0.039081096649169922
 0.039032936096191406
 0.040980815887451172
 0.040961980819702148
 0.041121006011962891
 0.040961980819702148
 0.041026115417480469
 0.040953159332275391
 0.040936946868896484
 0.040969133377075195
 0.042968988418579102
 0.039004087448120117
 0.040977001190185547
 0.040951967239379883
 0.038929939270019531
 0.040914058685302734
 0.040981054306030273
 0.041010856628417969
 0.040915012359619141
 0.040965795516967773
 0.040944099426269531
 0.040968179702758789
 0.041008949279785156
 0.040977954864501953
 0.040967941284179688
 0.040949821472167969
 0.040961027145385742
 0.041501998901367188
 0.040954113006591797
 0.041026830673217773
 0.040971994400024414
 0.040979146957397461
 0.040991783142089844
 0.041001081466674805
 0.041035175323486328
 0.040939807891845703
 0.040969133377075195
 0.040921926498413086
 0.040915012359619141
 0.040926933288574219
 0.040940999984741211
 0.040977954864501953
 0.040982961654663086
 0.040932893753051758
 0.041048049926757812
 0.040988922119140625
 0.040899038314819336
 0.039988994598388672
 0.041010141372680664
 0.041013956069946289
 0.041002988815307617
 0.040994882583618164
 0.038896083831787109
 0.039314031600952148
 0.040844917297363281
 0.040953159332275391
 0.043359994888305664
 0.043287038803100586
 0.040971040725708008
 0.040951013565063477
 0.041019916534423828
 0.038237094879150391
 0.040925979614257812
 0.043030977249145508
 0.039102077484130859
 0.040951967239379883
 0.040958881378173828
 0.040724992752075195
 0.041023015975952148
 0.043035984039306641
 0.039238929748535156
 0.039078950881958008
 0.042719125747680664
 0.039249897003173828
 0.041107892990112305
 0.040960788726806641
 0.041414976119995117
 0.045723199844360352
 0.04910588264465332
 0.045232057571411133
 0.044651031494140625
 0.047049045562744141
 0.045083999633789062
 0.045392036437988281
 0.053399085998535156
 0.047600984573364258
 0.043795108795166016
 0.047832012176513672
 0.047884941101074219
 0.045176982879638672
 0.042313098907470703
 0.04095005989074707
 0.041073083877563477
 0.047801017761230469
 0.040724992752075195
 0.044122934341430664
 0.049041986465454102
 0.049042940139770508
 0.046041965484619141
 0.04773402214050293
 0.040956974029541016
 0.040967941284179688
 0.040996074676513672
 0.041012048721313477
 0.048896074295043945
 0.049055099487304688
 0.044560909271240234
 0.046493053436279297
 0.044862985610961914
 0.0447540283203125
 0.045100212097167969
 0.044586181640625
 0.043776035308837891
 0.043612003326416016
 0.043810129165649414
 0.045027971267700195
 0.045010089874267578
 0.04513096809387207
 0.045254945755004883
 0.044660091400146484
 0.043677091598510742
 0.04340815544128418
 0.043251991271972656
 0.043185949325561523
 0.040997982025146484
 0.043307065963745117
 0.044262170791625977
 0.047636985778808594
 0.043648958206176758
 0.048035144805908203
 0.044637203216552734
 0.043874979019165039
 0.040850162506103516
 0.040974140167236328
 0.041000843048095703
 0.04101109504699707
 0.040984153747558594
 0.040955066680908203
 0.040973901748657227
 0.040904045104980469
 0.036098957061767578
 0.040191173553466797
 0.046098947525024414
 0.045663833618164062
 0.047886848449707031
 0.04092097282409668
 0.040982961654663086
 0.040930032730102539
 0.043937921524047852
 0.045112133026123047
 0.045220136642456055
 0.042605876922607422
 0.039198875427246094
 0.044091939926147461
 0.046054840087890625
 0.040891885757446289
 0.044945955276489258
 0.046963930130004883
 0.046253204345703125
 0.045955896377563477
 0.046210050582885742
 0.049049854278564453
 0.049144983291625977
 0.049124002456665039
 0.040957927703857422
 0.040731906890869141
 0.040994882583618164
 0.040935993194580078
 0.041086912155151367
 0.048430919647216797
 0.049014091491699219
 0.048560142517089844
 0.048982143402099609
 0.04691314697265625
 0.04114079475402832
 0.03900599479675293
 0.040936946868896484
 0.041040897369384766
 0.048051834106445312
 0.046001195907592773
 0.049086093902587891
 0.048017978668212891
 0.046193122863769531
 0.046950101852416992
 0.04240107536315918
 0.042180061340332031
 0.036867856979370117
 0.041010856628417969
 0.040940999984741211
 0.040956974029541016
 0.040955066680908203
 0.040957927703857422
 0.040819883346557617
 0.040941953659057617
 0.040956020355224609
 0.040876150131225586
 0.040996074676513672
 0.040912866592407227
 0.040960073471069336
 0.040841102600097656
 0.039278984069824219
 0.040957927703857422
 0.041005134582519531
 0.040930032730102539
 0.040943145751953125
 0.044749021530151367
 0.044855833053588867
 0.043311834335327148
 0.039752960205078125
 0.040909051895141602
 0.040971040725708008
 0.040876865386962891
 0.036797046661376953
 0.039832115173339844
 0.040926933288574219
 0.04098200798034668
 0.040862083435058594
 0.03688502311706543
 0.036840915679931641
 0.036877155303955078
 0.039099216461181641
 0.042825222015380859
 0.039088964462280273
 0.040903806686401367
 0.040918111801147461
 0.041031122207641602
 0.040949106216430664
 0.040928125381469727
 0.04094386100769043
 0.040967941284179688
 0.039070844650268555
 0.040947914123535156
 0.040971040725708008
 0.040952920913696289
 0.038692951202392578
 0.039195060729980469
 0.039134979248046875
 0.043355941772460938
 0.043509006500244141
 0.043236017227172852
 0.043191194534301758
 0.042654991149902344
 0.039337873458862305
